100
0
8 -1 1
10 -1 2
11 -1 3
14 -1 4
18 -1 5
57 -1 6
59 -1 7
79 -1 8
135 -1 9
147 -1 10
150 -1 11
158 -1 12
168 -1 13
169 -1 14
173 -1 15
185 -1 16
196 -1 17
207 -1 18
208 -1 19
209 -1 20
218 -1 21
219 -1 22
225 -1 23
235 -1 24
241 -1 25
242 -1 26
243 -1 27
246 -1 28
256 -1 29
277 -1 30
287 -1 31
292 -1 32
293 -1 33
316 -1 34
326 -1 35
349 -1 36
375 -1 37
382 -1 38
387 -1 39
406 -1 40
427 -1 41
444 -1 42
453 -1 43
457 -1 44
469 -1 45
507 -1 46
507 -1 47
517 -1 48
524 -1 49
534 -1 50
551 -1 51
556 -1 52
557 -1 53
568 -1 54
573 -1 55
592 -1 56
601 -1 57
604 -1 58
604 -1 59
614 -1 60
617 -1 61
619 -1 62
625 -1 63
638 -1 64
641 -1 65
653 -1 66
669 -1 67
679 -1 68
679 -1 69
688 -1 70
695 -1 71
697 -1 72
697 -1 73
713 -1 74
716 -1 75
720 -1 76
728 -1 77
739 -1 78
740 -1 79
777 -1 80
779 -1 81
791 -1 82
798 -1 83
800 -1 84
848 -1 85
871 -1 86
897 -1 87
908 -1 88
924 -1 89
929 -1 90
932 -1 91
937 -1 92
940 -1 93
944 -1 94
954 -1 95
956 -1 96
966 -1 97
981 -1 98
982 -1 99
989 -1 -1
